,NObeyesdad
151,1
715,0
184,2
691,0
2056,6
530,0
1709,5
439,1
1266,4
1857,6
326,1
889,2
1404,4
1350,4
2011,6
1975,6
1294,4
120,2
1819,6
1377,4
1247,4
147,4
1397,4
1604,5
1968,6
1272,4
1471,4
854,2
1990,6
561,0
1255,4
954,2
1450,4
614,0
1357,4
1950,6
1280,4
2,1
1521,5
663,0
294,4
1179,3
677,0
1912,6
1559,5
759,2
422,1
1347,4
1816,6
220,2
1398,4
995,3
77,3
1433,4
408,1
1970,6
778,2
1980,6
224,4
821,2
770,2
1960,6
141,1
421,0
1412,4
450,1
170,3
1523,5
574,0
452,1
1727,5
1262,4
434,1
1567,5
201,4
144,2
562,0
1224,4
1715,5
1790,5
87,2
1868,6
1595,5
674,0
542,0
718,0
1409,4
962,2
928,2
1015,3
1829,6
742,0
1698,5
738,0
1461,4
1570,5
666,0
18,3
1484,4
58,1
1163,3
352,1
1762,5
1803,6
636,0
1636,5
388,4
973,2
153,3
317,1
1811,6
1364,4
1880,6
1410,4
150,1
300,1
1215,4
183,3
499,6
152,2
929,2
1032,3
1218,4
993,3
1863,6
1335,4
830,2
107,2
986,3
122,0
2087,6
383,4
194,4
307,1
857,2
643,0
894,2
1825,6
1303,4
1244,4
920,2
324,2
713,0
1831,6
571,0
522,0
871,2
1121,3
1429,4
125,2
16,3
1075,3
874,2
1211,4
1690,5
781,2
259,4
1907,6
302,0
629,0
133,1
816,2
1310,4
699,0
912,2
729,0
345,1
1285,4
1148,3
1130,3
1879,6
904,2
1495,4
85,1
1260,4
697,0
115,1
1675,5
1648,5
2032,6
236,1
971,2
1304,4
1751,5
2010,6
786,2
1927,6
1756,5
1887,6
1711,5
1627,5
129,3
231,1
972,2
1793,5
795,2
1739,5
1352,4
1731,5
1894,6
1165,3
1842,6
1859,6
2060,6
941,2
1548,5
2062,6
511,0
1141,3
290,1
123,1
62,1
915,2
1996,6
359,1
637,0
1981,6
1351,4
847,2
1167,3
134,4
1263,4
2106,6
137,4
966,2
994,3
621,0
258,3
2015,6
1087,3
1706,5
89,3
176,1
956,2
405,3
796,2
158,2
745,2
2037,6
1464,4
1682,5
546,0
177,1
1555,5
1853,6
1474,4
1356,4
1029,3
1419,4
1371,4
1631,5
368,3
1418,4
216,1
1186,3
1989,6
1312,4
1085,3
612,0
1761,5
1031,3
832,2
1588,5
1243,4
823,2
600,0
548,0
1589,5
976,2
279,0
922,2
640,0
204,1
2105,6
1743,5
1037,3
1019,3
686,0
460,1
90,5
1796,5
1408,4
563,0
977,3
311,1
111,1
131,1
627,0
197,5
1142,3
861,2
1607,5
1861,6
1394,4
251,3
2047,6
157,1
1068,3
1600,5
1401,4
842,2
262,1
1931,6
2042,6
1494,4
631,0
1779,5
494,1
584,0
685,0
1577,5
829,2
2025,6
1402,4
604,0
1658,5
332,1
852,2
92,2
1755,5
1995,6
784,2
2073,6
1725,5
723,0
427,1
1438,4
933,2
1892,6
2084,6
568,0
1393,4
1881,6
1666,5
1536,5
2021,6
1113,3
2081,6
1901,6
1809,6
605,0
70,3
532,0
1997,6
814,2
181,1
984,3
1571,5
554,0
145,2
513,0
1023,3
1187,3
1909,6
911,2
1579,5
1157,3
399,1
1700,5
2108,6
1047,3
740,0
426,1
1453,4
40,2
608,0
1540,5
2090,6
596,0
1956,6
1740,5
424,2
430,4
1030,3
27,1
974,2
1329,4
327,2
261,2
1805,6
969,2
1449,4
619,0
1327,4
877,2
1283,4
310,0
1320,4
1291,4
726,0
2044,6
1814,6
255,2
846,2
839,2
1749,5
708,0
334,2
1242,4
953,2
2024,6
281,1
1798,5
331,1
817,2
552,0
99,1
1159,3
1661,5
1593,5
1764,5
1146,3
1849,6
2031,6
124,3
485,1
371,2
437,1
189,1
635,0
774,2
477,1
731,0
2061,6
295,1
91,1
1053,3
545,0
1784,5
100,1
948,2
1173,3
1586,5
1920,6
1703,5
2103,6
980,3
1249,4
926,2
1217,4
249,2
416,2
1712,5
284,1
318,1
397,1
1223,4
1337,4
348,1
1462,4
1026,3
646,0
1325,4
1475,4
1225,4
1478,4
658,0
2045,6
515,0
1452,4
1732,5
1202,3
872,2
1473,4
1281,4
1991,6
543,0
155,1
308,1
650,0
1528,5
365,1
1647,5
1994,6
556,0
5,1
688,0
1652,5
1081,3
1170,3
1064,3
496,0
149,4
1343,4
1439,4
747,2
848,2
1125,3
1246,4
484,3
732,0
213,1
320,1
191,2
32,1
487,4
988,3
860,2
949,2
610,0
366,3
1063,3
245,0
1076,3
1093,3
1905,6
1514,5
1573,5
1476,4
1621,5
15,1
1754,5
1421,4
1446,4
1221,4
630,0
1102,3
714,0
1003,3
1613,5
924,2
142,4
1899,6
80,1
465,1
143,2
1871,6
765,2
1614,5
1808,6
762,2
1883,6
1431,4
517,0
555,0
68,5
996,3
50,1
1936,6
585,0
2058,6
2069,6
1010,3
957,2
1702,5
1694,5
376,1
707,0
237,1
2101,6
446,1
1169,3
1820,6
1251,4
335,0
717,0
851,2
130,1
1276,4
1344,4
1434,4
364,2
1072,3
488,1
1391,4
372,1
174,2
250,3
304,2
1747,5
1865,6
1926,6
401,1
1551,5
632,0
1116,3
1877,6
550,0
1951,6
1203,3
453,1
1143,3
466,1
1683,5
1448,4
1423,4
472,3
37,1
937,2
826,2
195,2
633,0
1088,3
1605,5
1562,5
65,2
2029,6
753,2
2093,6
407,2
737,0
46,1
1135,3
803,2
1105,3
387,4
1642,5
1025,3
560,0
1673,5
228,3
1319,4
36,1
659,0
1070,3
361,4
1624,5
1547,5
916,2
1522,5
1055,3
1322,4
223,1
1287,4
1274,4
1834,6
1760,5
1096,3
702,0
1005,3
275,1
1415,4
393,3
132,1
2043,6
2085,6
415,1
649,0
1231,4
746,2
805,2
557,0
1910,6
1543,5
1349,4
1516,5
583,0
374,1
1317,4
668,0
639,0
798,2
1311,4
396,1
706,0
1014,3
1430,4
53,1
1147,3
533,0
339,0
435,2
1342,4
312,1
1800,6
1054,3
1553,5
651,0
2063,6
575,0
589,0
704,0
198,0
1074,3
1459,4
1219,4
2020,6
202,6
1099,3
1195,3
1676,5
1212,4
1512,4
581,0
549,0
1134,3
1966,6
2071,6
506,6
690,0
81,3
1265,4
60,1
1360,4
321,1
1836,6
353,1
693,0
12,1
1190,3
206,4
1117,3
1717,5
835,2
838,2
381,1
1815,6
1890,6
492,3
1348,4
207,1
885,2
1807,6
454,1
1496,4
657,0
1289,4
1635,5
1381,4
109,4
1454,4
267,3
672,0
528,0
378,1
2046,6
2107,6
233,3
1038,3
681,0
1253,4
535,0
1497,4
804,2
1765,5
471,4
1873,6
660,0
587,0
990,3
1119,3
2009,6
110,1
1345,4
341,1
1801,6
192,2
1487,4
831,2
67,4
103,1
2072,6
1379,4
394,1
1667,5
101,1
586,0
1389,4
698,0
1550,5
1386,4
1229,4
286,1
63,1
811,2
1534,5
720,0
385,1
235,1
180,1
355,2
346,1
210,5
1069,3
1537,5
1763,5
711,0
815,2
1584,5
461,4
684,0
858,2
440,1
126,1
1799,6
1644,5
347,3
1545,5
1369,4
783,2
1583,5
1704,5
1737,5
655,0
1810,6
601,0
1728,5
516,0
269,1
2088,6
1220,4
356,0
964,2
2092,6
478,1
196,1
17,4
1009,3
1726,5
689,0
2012,6
2078,6
822,2
458,1
2054,6
1634,5
169,3
265,0
1209,4
270,4
843,2
1324,4
247,1
939,2
2055,6
1684,5
2013,6
159,3
652,0
664,0
336,1
2065,6
1296,4
1867,6
1878,6
1052,3
1442,4
967,2
256,3
1020,3
859,2
983,3
1935,6
354,1
958,2
529,0
1400,4
1783,5
1874,6
1080,3
167,3
160,1
1447,4
229,5
769,2
1563,5
978,3
902,2
799,2
1693,5
1122,3
833,2
1501,4
565,0
384,1
931,2
1046,3
1424,4
82,4
1685,5
1267,4
1049,3
1902,6
863,2
1161,3
1027,3
1938,6
1870,6
1900,6
1444,4
1271,4
1204,3
1544,5
2068,6
534,0
1590,5
2022,6
1314,4
569,0
1172,3
1112,3
647,0
1392,4
1129,3
591,0
1958,6
1109,3
1384,4
1396,4
1198,3
716,0
1233,4
866,2
1292,4
683,0
432,1
252,3
1114,3
1103,3
33,3
1656,5
1530,5
1491,4
1750,5
1625,5
1724,5
1513,5
1144,3
1721,5
209,1
925,2
208,1
1300,4
888,2
701,0
1797,5
1554,5
254,1
1822,6
301,1
1269,4
23,4
1942,6
856,2
1358,4
998,3
1535,5
373,1
779,2
10,4
1238,4
1653,5
203,4
1333,4
1437,4
952,2
771,2
808,2
1182,3
2102,6
2041,6
493,1
1001,3
121,3
1164,3
475,2
1875,6
735,0
1826,6
1363,4
1480,4
128,1
1705,5
1933,6
1378,4
917,2
243,3
1697,5
1230,4
1082,3
947,2
932,2
1574,5
2038,6
1108,3
1979,6
1821,6
906,2
1967,6
1007,3
451,1
1864,6
634,0
1964,6
1107,3
878,2
1239,4
559,0
1018,3
881,2
1699,5
1923,6
505,6
819,2
1852,6
741,0
895,2
166,1
367,2
1154,3
921,2
2094,6
1780,5
1228,4
913,2
1336,4
182,0
168,2
1178,3
172,1
1403,4
694,0
1965,6
315,1
118,1
982,3
88,1
316,1
289,1
1789,5
1582,5
481,1
883,2
1818,6
1035,3
1468,4
1758,5
467,1
108,4
1775,5
1451,4
1416,4
238,1
934,2
7,1
500,6
641,0
1768,5
140,0
357,1
1241,4
901,2
656,0
1606,5
1891,6
463,1
1318,4
2057,6
1707,5
1331,4
459,2
1065,3
171,1
1618,5
1664,5
1952,6
1915,6
1235,4
1687,5
1838,6
25,1
1844,6
117,3
1735,5
2052,6
1983,6
623,0
1361,4
1941,6
412,1
303,1
1436,4
768,2
909,2
495,1
104,4
1470,4
404,1
793,2
1628,5
1947,6
602,0
1380,4
507,0
1619,5
1532,5
449,1
1858,6
1188,3
1795,5
288,1
1896,6
1576,5
1383,4
567,0
900,2
84,3
1011,3
443,0
13,4
526,0
271,1
257,4
1256,4
531,0
1525,5
1671,5
1617,5
240,1
417,3
965,2
1939,6
1984,6
1100,3
836,2
2096,6
1355,4
116,4
287,1
1083,3
1044,3
1616,5
1773,5
1417,4
390,0
1598,5
402,3
2074,6
679,0
39,3
1426,4
1354,4
1526,5
1498,4
1787,5
1552,5
1463,4
807,2
687,0
801,2
2026,6
758,2
1767,5
1042,3
1237,4
1954,6
420,0
642,0
1916,6
1191,3
661,0
1928,6
2070,6
1258,4
884,2
1367,4
1168,3
760,2
824,2
370,1
1622,5
1850,6
981,3
622,0
1222,4
219,2
1089,3
887,2
1091,3
1321,4
1240,4
525,0
1022,3
431,1
592,0
1781,5
730,0
1059,3
441,1
1137,3
945,2
1777,5
43,1
2035,6
1601,5
1503,4
1542,5
2064,6
1124,3
400,2
74,3
211,1
1557,5
78,4
162,1
518,0
322,0
436,1
853,2
489,1
787,2
351,1
869,2
862,2
963,2
1376,4
4,3
1752,5
1932,6
539,0
1560,5
1200,3
1969,6
1908,6
897,2
1079,3
875,2
840,2
761,2
1610,5
1663,5
1670,5
296,1
671,0
11,3
1056,3
464,1
1372,4
56,1
1769,5
253,1
541,0
1078,3
1898,6
266,0
960,2
802,2
1,1
955,2
1156,3
2099,6
26,1
1387,4
75,0
1774,5
1455,4
1460,4
1422,4
669,0
1268,4
1207,3
754,2
1286,4
66,3
44,1
537,0
163,1
1657,5
1104,3
700,0
918,2
790,2
293,1
1210,4
1313,4
139,1
1943,6
1971,6
369,3
1669,5
1330,4
1308,4
1999,6
1897,6
113,1
1024,3
264,1
94,1
1823,6
1282,4
1110,3
1723,5
1359,4
638,0
391,0
1136,3
42,1
76,0
1866,6
1254,4
1477,4
2033,6
411,2
1245,4
358,5
618,0
1084,3
521,0
19,2
1668,5
1095,3
890,2
576,0
1445,4
1077,3
870,2
360,1
1510,4
595,0
1183,3
1651,5
1603,5
2027,6
1094,3
1118,3
30,2
175,1
1733,5
2040,6
1854,6
1252,4
827,2
809,2
772,2
943,2
1888,6
1060,3
1264,4
898,2
940,2
1414,4
14,1
603,0
299,2
161,3
1643,5
566,0
1580,5
1043,3
1443,4
282,1
876,2
1533,5
230,2
1744,5
1090,3
2110,6
2109,6
1427,4
755,2
1876,6
654,0
645,0
1517,5
570,0
1778,5
1208,3
930,2
1626,5
673,0
226,1
653,0
1841,6
1194,3
1153,3
1924,6
1714,5
445,1
791,2
1479,4
476,2
1507,4
403,6
1539,5
1645,5
1519,5
1374,4
766,2
328,1
1620,5
1021,3
1139,3
2049,6
20,3
1214,4
497,1
1004,3
1488,4
1746,5
1978,6
712,0
187,4
2082,6
510,0
188,4
703,0
1549,5
83,0
1385,4
886,2
1066,3
1529,5
1205,3
1279,4
1895,6
274,1
1785,5
69,1
773,2
1511,4
1771,5
1633,5
413,3
1206,3
512,0
221,3
540,0
606,0
1677,5
1016,3
2036,6
1977,6
291,0
1893,6
314,1
1493,4
1232,4
1425,4
728,0
899,2
1998,6
1791,5
504,6
1988,6
797,2
212,3
1323,4
1131,3
678,0
1688,5
362,2
480,1
806,2
733,0
1587,5
1033,3
337,1
1305,4
1615,5
667,0
1138,3
1151,3
1006,3
607,0
1611,5
2077,6
1672,5
248,1
1017,3
1316,4
2039,6
1597,5
398,5
1665,5
1639,5
1284,4
470,1
719,0
1368,4
1234,4
1388,4
418,4
1390,4
547,0
1012,3
222,1
519,0
577,0
225,5
2076,6
927,2
1817,6
350,1
138,1
473,1
1192,3
551,0
1869,6
1770,5
486,1
1623,5
1655,5
1962,6
112,1
1558,5
2067,6
979,3
428,1
1485,4
536,0
1982,6
1788,5
676,0
71,0
527,0
1719,5
297,2
1813,6
1492,4
2001,6
1948,6
1051,3
285,4
1753,5
1041,3
1366,4
868,2
1691,5
593,0
1334,4
538,0
1034,3
709,0
950,2
1515,5
1596,5
1986,6
190,1
757,2
1061,3
1568,5
1792,5
491,1
1851,6
1508,4
1185,3
64,1
179,2
79,1
340,1
1882,6
1106,3
1713,5
1259,4
325,1
1992,6
794,2
410,1
344,6
1531,5
763,2
2080,6
323,1
834,2
1646,5
625,0
1845,6
564,0
611,0
785,2
1293,4
1193,3
1050,3
24,1
1071,3
474,1
2086,6
146,1
1407,4
1273,4
2007,6
283,1
1002,3
514,0
1812,6
309,1
1326,4
2050,6
812,2
1456,4
232,1
1759,5
919,2
246,1
377,1
154,4
1506,4
2017,6
114,1
1469,4
193,1
1578,5
48,1
573,0
1126,3
1835,6
1722,5
156,1
1315,4
1913,6
1564,5
1738,5
305,5
1277,4
1166,3
1128,3
1569,5
598,0
2000,6
1062,3
1338,4
2066,6
1742,5
1641,5
375,3
2014,6
675,0
1201,3
578,0
1959,6
1843,6
880,2
891,2
2019,6
1307,4
1940,6
710,0
1546,5
1036,3
1132,3
582,0
1662,5
935,2
1608,5
263,0
1904,6
363,1
1466,4
705,0
695,0
615,0
750,2
234,1
1741,5
1934,6
1856,6
1504,4
1855,6
1227,4
1949,6
2100,6
789,2
1734,5
343,1
1839,6
752,2
626,0
8,1
882,2
73,1
1846,6
379,1
1048,3
482,1
2083,6
1649,5
736,0
333,1
342,4
29,1
1806,6
644,0
1133,3
724,0
462,3
1340,4
1944,6
2030,6
2006,6
1575,5
389,2
692,0
38,1
1782,5
105,1
1395,4
55,1
1594,5
775,2
9,1
1961,6
1127,3
448,5
665,0
386,1
2095,6
483,2
1565,5
1680,5
1632,5
1189,3
1499,4
72,1
558,0
93,1
1599,5
1502,4
907,2
1500,4
1486,4
616,0
756,2
1650,5
1674,5
1299,4
873,2
813,2
0,1
1197,3
1886,6
989,3
1609,5
520,0
503,6
1290,4
2089,6
1045,3
727,0
1184,3
34,1
1766,5
1086,3
1509,4
135,2
429,1
780,2
382,1
777,2
1772,5
2098,6
1008,3
2018,6
425,1
319,2
1945,6
2023,6
330,0
721,0
975,2
239,1
406,1
1152,3
1828,6
1736,5
1101,3
306,1
1802,6
734,0
1794,5
468,0
1824,6
1420,4
1987,6
1120,3
51,1
1929,6
1174,3
1140,3
186,4
148,1
1332,4
1710,5
1013,3
1092,3
1963,6
1150,3
1278,4
1906,6
523,0
1985,6
2028,6
1365,4
837,2
620,0
469,0
1270,4
849,2
725,0
751,2
1585,5
594,0
1840,6
1288,4
1914,6
423,3
508,0
1993,6
908,2
1696,5
1472,4
52,1
1937,6
1520,5
1160,3
1097,3
985,3
524,0
1776,5
1708,5
1432,4
1435,4
1236,4
946,2
185,2
599,0
1957,6
1411,4
744,0
96,1
680,0
1098,3
1441,4
1925,6
739,0
1860,6
1341,4
624,0
2005,6
1689,5
1297,4
1640,5
1309,4
1679,5
1370,4
217,2
173,1
1911,6
3,2
1973,6
22,1
433,1
1730,5
820,2
597,0
1729,5
280,1
2075,6
1561,5
1804,6
850,2
1556,5
1695,5
95,1
845,2
380,3
1399,4
241,2
1659,5
106,1
1196,3
102,1
2097,6
2008,6
455,1
1917,6
49,1
227,1
205,4
1757,5
865,2
1353,4
810,2
272,1
414,4
580,0
1660,5
1786,5
215,1
987,3
2048,6
1302,4
764,2
997,3
490,3
588,0
792,2
828,2
457,1
923,2
553,0
136,1
119,3
1483,4
298,1
1572,5
2016,6
268,1
1701,5
1216,4
2034,6
1884,6
1295,4
97,0
1847,6
1681,5
479,1
502,6
1406,4
844,2
1885,6
1974,6
447,2
1467,4
1922,6
244,1
1306,4
617,0
442,1
2091,6
1058,3
613,0
1686,5
1716,5
1373,4
776,2
682,0
395,0
1629,5
6,1
392,1
1155,3
1745,5
867,2
944,2
1837,6
338,2
2079,6
199,1
1176,3
1976,6
1490,4
260,2
670,0
2004,6
498,6
444,1
1654,5
879,2
501,6
1177,3
914,2
2053,6
178,1
905,2
1171,3
419,4
1921,6
1692,5
61,1
961,2
1261,4
45,3
54,1
2104,6
1848,6
1972,6
782,2
1339,4
1527,5
2051,6
1827,6
1518,5
572,0
1930,6
1301,4
942,2
1028,3
1382,4
278,1
41,1
1149,3
841,2
1123,3
748,2
1748,5
1413,4
1630,5
991,3
86,1
1538,5
864,2
1405,4
855,2
938,2
910,2
767,2
1328,4
1481,4
313,1
1612,5
749,2
893,2
662,0
1298,4
1073,3
1903,6
1638,5
1181,3
59,0
999,3
1362,4
1482,4
1199,3
1524,5
409,1
800,2
628,0
1637,5
21,4
1040,3
1505,4
31,3
788,2
509,0
968,2
896,2
1592,5
1581,5
277,1
1158,3
722,0
1918,6
28,1
1162,3
1919,6
1250,4
959,2
329,4
1226,4
1833,6
1000,3
1889,6
1872,6
825,2
1257,4
1602,5
1248,4
200,4
1275,4
1955,6
2059,6
1718,5
1145,3
98,0
1115,3
456,1
1039,3
1346,4
242,1
590,0
1591,5
1489,4
648,0
1720,5
1213,4
1541,5
47,1
1067,3
1830,6
349,4
1953,6
818,2
57,1
609,0
903,2
273,1
276,0
936,2
2003,6
1440,4
2002,6
218,1
1111,3
438,1
696,0
1057,3
992,3
1465,4
1180,3
